(10000, 53, 5024, 5025, 5031, 5042, 5053)
(10001, 53, 5030, 5041, 5052)
(10002, 53, 5016, 5027, 5038, 5049)
(10003, 53, 5052, 5041, 5030, 5019, 5013, 5012, 5011)
(10004, 53, 5030, 5019, 5008, 5002, 5001)
(10005, 53, 5028, 5017, 5006)
(10006, 53, 5029, 5018, 5007, 5001)
(10007, 53, 5031, 5020, 5009, 5003, 5002, 5001)
(10008, 53, 5049, 5038, 5027, 5016, 5005)
(10009, 53, 5043, 5032, 5021, 5015, 5014, 5013, 5012)
(10010, 53, 5051, 5040, 5029, 5018, 5007, 5001)
(10011, 53, 5029, 5040, 5051)
(10012, 53, 5029, 5018, 5007, 5001)
(10013, 53, 5053, 5042, 5031, 5020, 5015)
(10014, 53, 5025, 5026, 5032, 5043, 5054)
(10015, 53, 5000, 5001, 5002, 5008, 5019, 5030, 5041)
(10016, 53, 5030, 5019, 5008, 5002, 5001, 5000)
(10017, 53, 5012, 5017, 5028, 5039, 5050)
(10018, 53, 5027, 5038, 5049)
(10019, 53, 5024, 5025, 5031, 5042, 5053)
(10020, 53, 5040, 5029, 5018, 5007, 5002, 5003)
(10021, 53, 5015, 5020, 5031, 5042, 5053)
(10022, 53, 5003, 5004, 5010, 5021, 5032, 5043)
(10023, 53, 5029, 5018, 5007, 5001)
(10024, 53, 5038, 5027, 5016, 5005, 5000, 5001, 5002, 5003)
(10025, 53, 5053, 5042, 5031, 5025)
(10026, 53, 5039, 5028, 5017, 5011)
(10027, 53, 5032, 5043, 5054)
(10028, 53, 5003, 5009, 5020, 5031, 5042, 5053)
(10029, 53, 5032, 5043, 5054)
(10030, 53, 5039, 5028, 5017, 5006)
(10031, 53, 5050, 5039, 5028, 5017, 5006, 5001, 5002, 5003)
(10032, 53, 5012, 5013, 5019, 5030, 5041, 5052)
(10033, 53, 5051, 5040, 5029, 5018, 5007, 5002, 5003, 5004)
(10034, 53, 5001, 5002, 5003, 5009, 5020, 5031)
(10035, 53, 5005, 5016, 5027)
(10036, 53, 5011, 5017, 5028, 5039, 5050)
(10037, 53, 5027, 5016, 5005)
(10038, 53, 5053, 5042, 5031, 5020, 5009, 5004)
(10039, 53, 5015, 5021, 5032, 5043, 5054)
(10040, 53, 5049, 5038, 5027, 5016, 5005, 5000, 5001, 5002, 5003, 5004)
(10041, 53, 5030, 5041, 5052)
(10042, 53, 5049, 5038, 5027, 5016, 5011, 5012)
(10043, 53, 5040, 5029, 5018)
(10044, 53, 5031, 5020, 5009, 5003, 5002, 5001)
(10045, 53, 5001, 5002, 5003, 5009, 5020, 5031, 5042)
(10046, 53, 5030, 5019, 5008, 5002, 5001, 5000)
(10047, 53, 5030, 5041, 5052)
(10048, 53, 5005, 5016, 5027, 5038, 5049)
(10049, 53, 5003, 5009, 5020, 5031)
(10050, 53, 5024, 5030, 5041, 5052)
(10051, 53, 5013, 5014, 5015, 5021, 5032, 5043)
(10052, 53, 5028, 5039, 5050)
(10053, 53, 5013, 5014, 5015, 5021, 5032, 5043)
(10054, 53, 5012, 5013, 5014, 5020, 5031, 5042, 5053)
(10055, 53, 5001, 5002, 5008, 5019, 5030)
(10056, 53, 5025, 5031, 5042, 5053)
(10057, 53, 5049, 5038, 5027, 5016, 5011, 5012, 5013)
(10058, 53, 5032, 5021, 5010, 5004, 5003)
(10059, 53, 5003, 5009, 5020, 5031, 5042)
(10060, 53, 5023, 5024, 5025, 5026, 5032, 5043, 5054)
(10061, 53, 5015, 5014, 5019, 5030, 5041, 5052)
(10062, 53, 5008, 5019, 5030)
(10063, 53, 5022, 5023, 5029, 5040, 5051)
(10064, 53, 5031, 5020, 5009, 5003, 5002, 5001, 5000)
(10065, 53, 5001, 5000, 5005, 5016, 5027, 5038, 5049)
(10066, 53, 5053, 5042, 5031, 5020, 5014, 5013, 5012, 5011)
(10067, 53, 5032, 5043, 5054)
(10068, 53, 5004, 5003, 5002, 5007, 5018, 5029, 5040, 5051)
(10069, 53, 5012, 5017, 5028, 5039, 5050)
(10070, 53, 5025, 5026, 5032, 5043, 5054)
(10071, 53, 5053, 5042, 5031, 5025)
(10072, 53, 5052, 5041, 5030, 5019, 5008, 5002, 5001)
(10073, 53, 5031, 5020, 5009, 5003, 5002, 5001)
(10074, 53, 5051, 5040, 5029, 5023)
(10075, 53, 5026, 5032, 5043, 5054)
(10076, 53, 5051, 5040, 5029, 5018, 5007, 5001)
(10077, 53, 5007, 5018, 5029, 5040)
(10078, 53, 5001, 5006, 5017, 5028, 5039, 5050)
(10079, 53, 5024, 5030, 5041, 5052)
(10080, 53, 5032, 5021, 5010, 5004, 5003, 5002, 5001)
(10081, 53, 5013, 5019, 5030, 5041)
(10082, 53, 5040, 5029, 5018, 5007, 5001, 5000)
(10083, 53, 5054, 5043, 5032, 5021, 5010)
(10084, 53, 5014, 5015, 5021, 5032, 5043)
(10085, 53, 5052, 5041, 5030, 5019, 5014, 5015)
(10086, 53, 5038, 5027, 5016, 5005, 5000, 5001)
(10087, 53, 5029, 5018, 5007, 5001, 5000)
(10088, 53, 5032, 5043, 5054)
(10089, 53, 5030, 5019, 5008, 5002)
(10090, 53, 5003, 5009, 5020, 5031)
(10091, 53, 5053, 5042, 5031, 5020, 5009)
(10092, 53, 5040, 5029, 5018, 5012, 5011)
(10093, 53, 5027, 5016, 5005)
(10094, 53, 5030, 5019, 5008)
(10095, 53, 5032, 5021, 5010)
(10096, 53, 5052, 5041, 5030, 5024, 5023)
(10097, 53, 5023, 5024, 5025, 5031, 5042, 5053)
(10098, 53, 5021, 5032, 5043)
(10099, 53, 5054, 5043, 5032, 5021)
(10100, 53, 5028, 5039, 5050)
(10101, 53, 5011, 5016, 5027, 5038, 5049)
(10102, 53, 5028, 5017, 5006)
(10103, 53, 5000, 5001, 5002, 5003, 5004, 5010, 5021, 5032, 5043, 5054)
(10104, 53, 5018, 5029, 5040, 5051)
(10105, 53, 5025, 5026, 5032, 5043, 5054)
(10106, 53, 5039, 5028, 5017, 5011)
(10107, 53, 5003, 5002, 5007, 5018, 5029, 5040, 5051)
(10108, 53, 5038, 5027, 5016)
(10109, 53, 5028, 5039, 5050)
(10110, 53, 5015, 5021, 5032, 5043)
(10111, 53, 5050, 5039, 5028, 5017, 5012, 5013)
(10112, 53, 5026, 5032, 5043, 5054)
(10113, 53, 5038, 5027, 5016, 5005, 5000, 5001, 5002, 5003)
(10114, 53, 5011, 5012, 5013, 5014, 5015, 5021, 5032, 5043)
(10115, 53, 5006, 5017, 5028, 5039)
(10116, 53, 5041, 5030, 5019, 5008, 5002, 5001)
(10117, 53, 5023, 5029, 5040, 5051)
(10118, 53, 5011, 5017, 5028, 5039)
(10119, 53, 5039, 5028, 5017, 5006, 5000)
(10120, 53, 5028, 5017, 5006)
(10121, 53, 5051, 5040, 5029, 5018, 5012, 5011)
(10122, 53, 5011, 5016, 5027, 5038, 5049)
(10123, 53, 5053, 5042, 5031, 5020)
(10124, 53, 5041, 5030, 5019, 5008, 5003)
(10125, 53, 5014, 5020, 5031, 5042, 5053)
(10126, 53, 5009, 5020, 5031, 5042, 5053)
(10127, 53, 5028, 5017, 5006)
